1   0.1593959424974
2   0.6008813230001
3   0.1405468166207
4   0.1578214126814
5   0.3783275477899
6   0.5721802432514
7   0.1485060132129
8   0.1442740631617
9   0.2902472167667
10  0.1425431999716
11  0.1682902443144
12  0.6066570452681
13  0.3039051370696
14  0.1896885213425
15  0.7250688400526
16  0.3315466158424
17  0.1864426476589
18  0.3906166065765
19  0.6596321196861
20  0.9016345378223
21  0.8241133508150
22  0.5497788386019
23  0.8801373477116
24  0.7086577710304
25  0.5895186774456
26  0.9773090508322
27  0.9711772675841
28  0.6293450173555
29  0.6123066105055
30  0.1517394399348
31  0.5720518566584
32  0.1871662416235
33  0.6008813230001
34  0.9339810146169
35  0.5001855173190
36  0.9571359819617
37  0.7086577710304
38  0.9759828311227
39  0.1398814151666
40  0.4443270996307
41  0.7892934533254
42  0.1697485155164
43  0.1949713544620
44  0.8772191258409
45  0.1578145141915
46  0.4396557535437
47  0.8801373477116
48  0.1416469390158
49  0.3127684930872
50  0.7606025171826
51  0.9042362501739
52  0.3944837443770
53  0.2442453056231
54  0.4443270996307
55  0.8966816988068
56  0.9626201463601
57  0.1655409222817
58  0.8801373477116
59  0.4443270996307
60  0.8612371790540
61  0.9571359819617
62  0.3667430896236
63  0.6411359593018
64  0.9233985080772
65  0.1608074056473
66  0.5720518566584
67  0.2902472167667
68  0.9470441309394
69  0.7298601916633
70  0.2277117449960
71  0.3217809347683
72  0.3667430896236
73  0.5382015493449
74  0.1478830272669
75  0.8398666256351
76  0.5382015493449
77  0.2290971608224
78  0.2277117449960
79  0.5382015493449
80  0.6411359593018
81  0.5497788386019
82  0.4740275922223
83  0.3248647739892
84  0.0001126323367
85  0.2009301667826
86  0.1405468166207
87  0.1452095019074
88  0.2323516274284
89  0.1959225746454
90  0.1485060132129
91  0.4543690286236
92  0.2902472167667
93  0.2052965786088
94  0.1429162529073
95  0.2019869878269
96  0.1597485365377
97  0.1555041276221
98  0.1747026162932
99  0.1630554694120
100 0.1566007463440
101 0.1517347859969
102 0.1501745536381
103 0.2149122440281
104 0.1896065337068
105 0.1460823316692
106 0.1425431999716
107 0.1729476862023
108 0.1989010322621
109 0.1505384568906
110 0.1484945711374
111 0.1403870972095
112 0.2030382033980
113 0.1702599181764
114 0.1618852264788
115 0.1871662416235
116 0.6008813230001
117 0.1442740631617
118 0.1847740660699
119 0.1460823316692
120 0.1729476862023
121 0.2232353520813
122 0.4945276412091
123 0.2599013833639
124 0.1569096395557
125 0.1697485155164
126 0.1949713544620
127 0.1476118413748
128 0.2877167962937
129 0.1764913303050
130 0.1655409222817
131 0.0871972930614
132 0.1608074056473
133 0.1552434615777
134 0.0023885474589
135 0.1519279934929
136 0.2442453056231
137 0.2599013833639
138 0.1682902443144
139 0.1979203482557
140 0.6241260016598
141 0.3521797235509
142 0.2599013833639
143 0.1630554694120
144 0.5497788386019
145 0.2277117449960
146 0.1668587159735
147 0.1437777193272
148 0.1931447740801
149 0.1618852264788
150 0.2902472167667
151 0.1848479376552
152 0.4300475002511
153 0.1505523495169
154 0.3217809347683
155 0.1505523495169
156 0.5382015493449
157 0.8398666256351
158 0.1597485365377
159 0.4258732601665
160 0.1505523495169
161 0.1597485365377
162 0.1668587159735
163 0.1460823316692
164 0.4740275922223
165 0.3248647739892
166 0.0001126323367
167 0.2009301667826
168 0.1405468166207
169 0.2575418238443
170 0.1405461914489
171 0.2848150856734
172 0.1485060132129
173 0.2388695231304
174 0.1979940026167
175 0.2052965786088
176 0.2124051935058
177 0.1473296404293
178 0.1597485365377
179 0.4636942743917
180 0.1747026162932
181 0.1422039308007
182 0.2775750517846
183 0.2373291150367
184 0.2246570383020
185 0.6698215432328
186 0.1896065337068
187 0.1460823316692
188 0.3521797235509
189 0.7086577710304
190 0.8612371790540
191 0.1505384568906
192 0.1484945711374
193 0.1403870972095
194 0.3437934452547
195 0.1702599181764
196 0.1618852264788
197 0.1454210150214
198 0.2009301667826
199 0.4543690286236
200 0.1847740660699
201 0.1460823316692
202 0.1729476862023
203 0.2232353520813
204 0.1571973763442
205 0.1544765038417
206 0.1413563025290
207 0.1697485155164
208 0.1949713544620
209 0.1476118413748
210 0.1578145141915
211 0.7405591971327
212 0.1655409222817
213 0.1416469390158
214 0.1608074056473
215 0.1552434615777
216 0.0286919049983
217 0.2389081474328
218 0.1804853633668
219 0.4443270996307
220 0.6586025296154
221 0.2900541855183
222 0.3521797235509
223 0.1655409222817
224 0.1544765038417
225 0.1630554694120
226 0.1922618835949
227 0.2277117449960
228 0.1668587159735
229 0.1747026162932
230 0.8398666256351
231 0.3217809347683
232 0.1468197427011
233 0.1848479376552
234 0.7298601916633
235 0.2277117449960
236 0.1618852264788
237 0.2277117449960
238 0.1597485365377
239 0.1478830272669
240 0.5552925285986
241 0.3039051370696
242 0.2290971608224
243 0.3667430896236
244 0.5382015493449
245 0.1668587159735
246 0.5497788386019
247 0.4740275922223
248 0.3248647739892
