Point	 Forecast    Lo 80    Hi 80    Lo 95    Hi 95
Jan 2006       48.67229 46.08815 51.25643 44.72019 52.62439
Feb 2006       51.75275 48.64873 54.85677 47.00556 56.49994
Mar 2006       53.95275 50.72476 57.18073 49.01597 58.88953
Apr 2006       47.25275 43.90539 50.60011 42.13340 52.37210
May 2006       44.95275 41.49012 48.41538 39.65712 50.24838
Jun 2006       44.95275 41.37857 48.52692 39.48652 50.41898
Jul 2006       35.95275 32.27040 39.63510 30.32109 41.58441
Aug 2006       35.95275 32.16532 39.74018 30.16038 41.74512
Sep 2006       44.95275 41.06308 48.84242 39.00401 50.90149
Oct 2006       47.25275 43.26345 51.24205 41.15164 53.35386
Nov 2006       52.85275 48.76625 56.93925 46.60299 59.10251
Dec 2006       56.25275 52.07132 60.43418 49.85780 62.64770
Jan 2007       50.92504 45.49125 56.35883 42.61478 59.23530
Feb 2007       54.00550 47.97928 60.03172 44.78920 63.22180
Mar 2007       56.20550 49.92417 62.48683 46.59904 65.81196
Apr 2007       49.50550 42.97903 56.03197 39.52412 59.48688
May 2007       47.20550 40.44276 53.96824 36.86278 57.54821
Jun 2007       47.20550 40.21448 54.19652 36.51365 57.89735
Jul 2007       38.20550 30.99341 45.41759 27.17557 49.23543
Aug 2007       38.20550 30.77893 45.63207 26.84754 49.56346
Sep 2007       47.20550 39.57047 54.84053 35.52872 58.88228
Oct 2007       49.50550 41.66755 57.34345 37.51838 61.49262
Nov 2007       55.10550 47.06975 63.14125 42.81588 67.39512
Dec 2007       58.50550 50.27670 66.73430 45.92064 71.09036