42
40
39
35
30
30
27
28
30
35
40
48
47.9000000000000
44.9000000000000
46.9000000000000
40.8000000000000
38.8000000000000
38.8000000000000
30.6000000000000
30.6000000000000
38.8000000000000
40.8000000000000
45.9000000000000
49
44.1000000000000
47.1000000000000
49.3000000000000
42.8000000000000
40.7000000000000
40.7000000000000
32.1000000000000
32.1000000000000
40.7000000000000
42.8000000000000
48.2000000000000
51.4000000000000
46.3000000000000
49.5000000000000
51.7000000000000
45
42.7000000000000
42.7000000000000
33.7000000000000
33.7000000000000
42.7000000000000
45
50.6000000000000
54
48.6000000000000
43.7000000000000
41.6000000000000
40.6000000000000
36.4000000000000
31.2000000000000
31.2000000000000
28.1000000000000
29.1000000000000
31.2000000000000
36.4000000000000
41.6000000000000
49.9000000000000
49.9000000000000
46.7000000000000
48.8000000000000
42.4000000000000
40.3000000000000
40.3000000000000
31.8000000000000
31.8000000000000
40.3000000000000
42.4000000000000
47.7000000000000
