1990.942       21.43785 17.365611 25.51009 15.2098980 27.66580
1990.962       21.86189 16.946812 26.77696 14.3449292 29.37884
1990.981       20.89658 15.215292 26.57786 12.2078015 29.58535
1991.000       21.16850 14.848844 27.48816 11.5034201 30.83358
1991.019       22.24142 15.156503 29.32634 11.4059732 33.07687
1991.038       21.68916 14.000334 29.37798  9.9301164 33.44820
1991.058       22.48716 14.054578 30.91973  9.5906409 35.38367
1991.077       21.96081 12.931615 30.99000  8.1518484 35.76977
1991.096       21.70781 12.146059 31.26956  7.0843746 36.33124
1991.115       22.15651 12.070415 32.24260  6.7311596 37.58186
1991.135       21.82888 11.354691 32.30306  5.8099922 37.84776
1991.154       22.24227 11.319864 33.16468  5.5378924 38.94665
1991.173       22.16066 10.839439 33.48188  4.8463458 39.47497
1991.192       21.94566 10.217562 33.67376  4.0090821 39.88224
1991.212       22.33439 10.154335 34.51444  3.7066040 40.96217
1991.231       21.90418  9.342250 34.46611  2.6923670 41.11599
1991.250       22.23130  9.249955 35.21264  2.3780479 42.08454
1991.269       22.17008  8.825953 35.51420  1.7619993 42.57816
1991.288       21.99659  8.312916 35.68026  1.0692166 42.92396
1991.308       22.38313  8.345730 36.42053  0.9147782 43.85149
