22.4389200000000
22.3718200000000
22.4043300000000
22.6346900000000
22.6709200000000
22.9161900000000
22.9276800000000
23.0709100000000
23.2888100000000
23.3858300000000
23.6566800000000
23.7836200000000
23.8935000000000
23.8799700000000
24.1333500000000
24.2883400000000
24.4042800000000
24.6030300000000
24.7633900000000
24.9771000000000
25.1676900000000
25.1578900000000
25.5410900000000
25.5054000000000
25.6653900000000
25.7555700000000
25.9794800000000
25.9809900000000
26.0821500000000
26.2594200000000
26.4144500000000
26.5926300000000
26.7043100000000
26.7518300000000
26.5126500000000
26.7268700000000
27.0271600000000
27.3075600000000
27.4350900000000
27.4661400000000
27.7514900000000
27.8739100000000
28.0645000000000
28.1070100000000
28.0800000000000
28.2577300000000
28.4373800000000
28.6434500000000
28.6207200000000
28.9701100000000
29.1787500000000
29.2524700000000
29.4064000000000
29.5352400000000
29.6791800000000
29.8249800000000
29.9655300000000
30.1126800000000
30.2521400000000
30.3959600000000
30.5422700000000
30.6845600000000
30.8326400000000
30.9759200000000
31.1186400000000
31.2572500000000
31.4047400000000
31.5489600000000
31.6918800000000
31.8375500000000
31.9819500000000
32.1281200000000
32.2735200000000
32.4122500000000
32.5640700000000
32.7019400000000
32.8463200000000
32.9883800000000
33.1349000000000
33.2740100000000
33.4164300000000
33.5613900000000
33.7056100000000