20.1670000000000
20.1610000000000
19.9930000000000
20.9860000000000
20.4970000000000
20.7700000000000
21.1110000000000
20.6750000000000
22.0920000000000
20.7720000000000
21.6420000000000
21.9110000000000
21.00
23.7770000000000
22.6580000000000
23.5150000000000
21.3840000000000
24.3440000000000
21.1370000000000
23.0690000000000
23.6640000000000
23.2190000000000
23.1920000000000
23.4750000000000
22.3770000000000
16.6060000000000
13.9870000000000
16.2510000000000
18.4390000000000
20.2620000000000
19.5350000000000
22.4670000000000
24.5590000000000
24.5910000000000
24.5110000000000
24.5240000000000
23.1190000000000
23.1060000000000
23.2920000000000
21.5660000000000
18.5650000000000
24.3610000000000
22.9830000000000
21.0620000000000
21.7660000000000
22.2850000000000
22.8670000000000
23.2760000000000
20.9240000000000
21.7160000000000
20.9080000000000
21.4100000000000
21.3610000000000
22.4120000000000
21.2900000000000
22.2470000000000
22.4450000000000
21.2600000000000
22.7710000000000
23.7230000000000
23.7570000000000
23.4820000000000
23.6530000000000
26.0540000000000
25.6950000000000
26.7200000000000
15.0330000000000
22.3400000000000
19.2970000000000
23.7610000000000
22.1500000000000
22.2360000000000
23.1570000000000
24.3870000000000
23.8440000000000
23.6810000000000
24.4560000000000
19.8990000000000
13.6620000000000
15.6980000000000
18.1890000000000
19.4480000000000
20.8910000000000
22.2840000000000
23.2470000000000
24.4400000000000
22.5190000000000
22.8180000000000
23.4720000000000
24.1170000000000
24.4350000000000
20.5890000000000
23.4270000000000
20.9230000000000
22.9590000000000
19.1520000000000
22.0110000000000
20.2280000000000
21.3320000000000
20.5000000000000
19.0900000000000
21.6920000000000
20.1570000000000
22.2310000000000
20.9140000000000
21.4540000000000
21.3450000000000
19.2600000000000
18.7810000000000
17.4450000000000
19.6280000000000
17.6920000000000
7.04600000000000
