22.079
22.009
21.849
23.128
22.615
22.818
23.222
22.874
24.323
22.853
23.855
24.042
0
25.908
24.692
25.705
23.646
26.923
23.504
25.501
26.304
25.833
25.761
25.998
24.637
17.723
14.577
17.217
19.674
22.263
21.231
24.556
27.275
27.074
26.972
27.057
25.392
25.379
25.662
23.348
19.95
26.683
25.323
23.265
24.066
24.41
25.212
25.5
22.876
23.928
22.936
23.316
23.195
24.209
23.159
24.133
24.576
23.281
24.97
25.863
25.947
25.399
25.749
28.308
27.946
28.792
16.026
24.015
20.76
26.017
24.366
24.454
25.725
26.87
26.389
26.28
26.939
21.692
14.178
16.571
19.384
20.973
22.797
24.53
25.494
26.756
24.795
25.221
25.904
26.607
26.448
22.097
25.678
23.002
25.169
21.112
24.262
22.241
23.584
22.567
20.921
23.761
22.11
24.43
22.685
23.15
23.133
22.42
22.734
20.819
24.123
21.241
8.513
0
0
0
0
0
0
0
12.24
12.578
11.891
12.527
18.392
17.372
18.06
19.608
20.551
16.97
11.086
13.456
20.266
21.928
24.205
22.343
20.35
20.941
23.501
22.139
24.074
21.587
22.816
23.624
22.704
23.566
21.104
24.069
23.918
23.621
20.945
22.441
21.124
22.571
20.36
21.157
22.017
21.492
23.134
23.164
23.091
21.004
22.591
23.271
22.22
22.774
23.076
24.331
25.151
22.561
26.115
24.397
25.109
24.735
26.226
24.129
24.088
24.617
24.951
25.422
25.43
22.952
16.153
17.613
20.503
23.027
23.507
21.525
24.294
24.321
25.142
24.073
22.123
22.731
23.835
23.792
21.197
25.101
26.051
24.796
25.878
23.592
24.577
24.221
23.613
24.634
23.569
23.157
24.257
25.683
28.083
28.422
26.74
25.456
25.401
27.89
27.815
29.923
29.083
29.826
31.729
34.722
34.988
30.191
31.509
29.196
31.212
32.162
33.797
32.646
34.053
31.264
30.016
28.708
25.919
25.231
28.561
29.159
32.94
29.21
29.042
31.103
32.933
31.426
31.444
30.539
30.115
31.309
28.485
29.801
31.646
27.938
30.03
27.654
28.028
27.651
29.757
29.844
28.931
28.641
31.24
31.606
32.733
33.884
34.533
30.685
30.254
30.134
31.431
32.024
30.083
31.394
33.501
32.472
34.259
31.565
31.903
31.891
33.348
30.691
31.858
31.733
33.166
