-0.0675635383613516
0.0488570748026148
-0.0577556582843723
-0.0242888731012530
-0.106859588286678
-0.0295827809903510
-0.107369749571416
-0.0391270276421763
-0.0420717933411713
-0.0402482306332691
-0.109725096946329
-0.193014025237788
-0.173916813545556
-0.0469666703193610
-0.209067510850392
-0.0842747369756898
-0.151649719562235
-0.0699554057416190
-0.263394467675188
-0.200323241021411
-0.277338776758945
-0.116080283675089
-0.317302778254056
-0.172995430592888
-0.174241982296448
-0.173665018181821
-0.340193382789973
-0.286774906869052
-0.324381567993983
-0.225938529059974
-0.309237441168631
-0.222929117557539
-0.378197154955547
-0.371282445090471
-0.404379296063871
-0.415684095713719
-0.278415791747072
-0.345674514491848
-0.360948429045716
-0.451197455478416
-0.318812118764272
-0.374198301687410
-0.437569976881116
-0.414220894455800
-0.445577858315611
-0.519772195773062
-0.495964876254788
-0.528222498412035
-0.524997617885000
-0.522635383038178
-0.495972124787329
-0.578246360817759
-0.416336915860681
-0.416575903260518
-0.515963173159497
-0.524836701250655
-0.563642315956608
-0.459621279450437
-0.574174580567831
-0.634120471854026
-0.508592059730808
-0.594919692708231
-0.632696903354539
-0.608362328824647
-0.677904536328715
-0.678791747214773
-0.524706733818337
-0.529759078990599
-0.613751305002776
-0.724581273632537
-0.697261704563210
-0.681202056777123
-0.595145863931881
-0.763788947473387
-0.765683151296584
-0.747840754130793
-0.659098350119261
-0.649790761495623
-0.673730226573149
-0.720168531131419
-0.707954312442254
-0.765023013248588
-0.682207268312065
-0.800140368103454
-0.707288033297796
-0.814578173992839
-0.784145643597210
-0.739205224879567
-0.714693391868694
-0.860846593753667
-0.697449715433737
-0.734361203968270
-0.798243293555732
-0.814448223167594
-0.818201350519153
-0.852145610386063
-0.817489837224773
-0.822731400504028
-0.766971828827518
-0.777059695223830
-0.812607358769158
-0.871109968085962
-0.789791930292868
-0.850733871428713
-0.892258806527962
-0.779622913194040
-0.797166920046390
-0.867169235694997
-0.857462789684702
-0.869217973543204
-0.949658901514830
-0.935449419624150
-0.905915772472987
-0.958314557336514
-0.839771737576806
-0.973811082347111
-0.971618752577287
-0.986608988306564
-0.979073152844710
-0.941229230428387
-0.969818628637144
-0.850940073132737
-0.953057878053151
-1.00552553790687
-0.864807805713560
-0.853034943684369
-0.964316346965295
-1.03287701089657
-1.00640292110681
-0.979091094983562
-0.944578970615470
-1.01374260205657
-0.948146482241849
-0.928905221834308
-1.02913519489187
-1.05223982765550
-1.01852942779165
-1.01615240101344
-0.997020178429598
-0.982129157879053
-1.06834657057045
-1.03460365407418
-0.928448838297772
-1.08426050482475
-0.905687520296078
-0.946646818466498
-0.996146568650929
-0.979219337572893
-1.04842412858334
-1.00496798640716
-0.904877278746672
-0.988791328749755
-0.994482977814783
-1.05284906792977
-1.00174628182145
-0.974971746554619
-0.964114612056817
-1.02089663979812
-1.02647031678984
-0.902219214501964
-1.09202582979359
-0.922198032780895
-0.916132377942676
-0.939011199660590
-1.07786392558806
-1.04449079167978
-1.02895262192398
-0.959137759534713
-1.06673257472700
-0.948658151377770
-1.07031243813102
-0.959575334422446
-0.990054978676847
-0.931543495054461
-0.942711763155415
-0.903241834762674
-0.903969816271461
-1.01339186224055
-0.938447440341086
-1.03650895664534
-1.06773944161727
-0.922712103748823
-0.969104641762416
-0.970609963604086
-0.883038548538976
-0.939301873290788
-0.934938005161223
-0.883683055723701
-0.891478309365658
-0.934141311741693
-1.00971559380443
-0.995033529176267
-0.862343087070105
-1.03044222182348
-0.934634736319756
-0.995374285867418
-0.829475390859936
-0.878831911855613
-0.917343630450841
-0.919195686432837
-0.997373653309754
-0.868696182495388
-0.992306964022479
-0.982116648231431
-0.887598682460523
-0.968016363477202
-0.819077640044049
-0.814454644583221
-0.828645061034148
-0.938241494950019
-0.831288316067212
-0.854398841132701
-0.758345570600104
-0.817879541591098
-0.782264316566165
-0.846139249053114
-0.844905160021991
-0.760722234025199
-0.903409984649591
-0.887706690904364
-0.873818681195789
-0.824383505782000
-0.730289523668273
-0.729807344021517
-0.872221689250441
-0.798221642765206
-0.766377495918466
-0.781995058943096
-0.727508729986180
-0.726735904556150
-0.787308396184377
-0.752675044009727
-0.829134018903048
-0.628571642590989
-0.785031111086195
-0.790230083805112
-0.729928817759069
-0.757654057751343
-0.692137455953732
-0.714904539252488
-0.585137087595606
-0.583989185449178
-0.750045801743042
-0.605469132468866
-0.691611113054660
-0.653197579132742
-0.620456449752923
-0.533686158463918
-0.630825436942379
-0.509843030084343
-0.638181154361543
-0.550211166933727
-0.549062879207197
-0.566346855346001
-0.526335126412641
-0.524378134710899
-0.613728945547059
-0.615369340432954
-0.432718828603349
-0.589820128415990
-0.608981207715359
-0.494666893706121
-0.421888342321476
-0.455731545919721
-0.542735961552657
-0.498247232077104
-0.471046077478263
-0.357978079636156
-0.514093654096558
-0.365294520990944
-0.398426972859812
-0.443063498619893
-0.471029430624757
-0.414418878996542
-0.394480366692081
-0.457538669392899
-0.354497542486043
-0.417862311253633
-0.376840520427260
-0.327796190708855
-0.384626925661442
-0.367461201662164
-0.292659787338409
-0.353518804421517
-0.232166097969065
-0.190945332398154
-0.231836167363067
-0.299490650106621
-0.241805483005420
-0.327392983624404
-0.157987699084036
-0.153597202124883
-0.156231500350988
-0.257871699439806
-0.181358734588904
-0.285920128812981
-0.195544403851406
-0.208208051587022
-0.228593366105106
-0.215259474735870
-0.156542870239850
-0.212367324372637
-0.101588521279281
-0.117176337414983
-0.0622281236562802
-0.0514870722467783
-0.0537960001059014
-0.164810743927557
-0.147792497606303
-0.0876498213624353
-0.0354078062944651
-0.000698256885040521
-0.0400671363178653
0.0524038506202300
0.0420791357246900
0.102137113413368
0.0246730882461888
-0.00656733775228365
-0.0404762548289601
0.0705801751176548
0.114134591792399
0.0530445899135956
-0.00350830937164669
0.0415865263384222
0.0289799372633701
0.0643961950368827
0.106147883692162
0.133483312618510
0.129450740408762
0.222937493525156
0.161356115815470
0.256336964953896
0.205004244455296
0.278833451511220
0.145249580030702
0.242126432446150
0.174487994722276
0.260788154856726
0.275183420607245
0.159459057978639
0.206499133346233
0.210004152036617
0.308391215725868
0.353304143841904
0.262890794675777
0.359645443254701
0.348120772252371
0.223878963186175
0.352419285737093
0.318755516781018
0.433981476515905
0.260360310897790
0.361930790392943
0.363584681792073
0.380134191147523
0.451180113007682
0.370800063581773
0.472370465723395
0.418769400225705
0.340683429406542
0.377695326431559
0.495817358839644
0.455063113422063
0.399764281376374
0.446252167545165
0.508264491409369
0.433846424009205
0.551843915849000
0.461339227019358
0.604813658764284
0.483648458245697
0.591390511614306
0.484423442427586
0.512536551812650
0.481549976837677
0.586803194874945
0.616410846387674
0.597175726296547
0.581062992182002
0.632806309297528
0.641381416977256
0.655540194413604
0.654711165182111
0.724342870326156
0.584785726539114
0.692481477607276
0.605432585503665
0.589561234605580
0.694571720480689
0.670500108501873
0.679511257913748
0.727379923597602
0.756203391691538
0.679274992889607
0.748647488795798
0.706419842080472
0.798444191377562
0.803438956179427
0.694867337390104
0.772920475592494
0.773252328213374
0.771448850191956
0.843711347235626
0.729024132383458
0.745950722322865
0.712368162637034
0.882601643826381
0.829777157170323
0.802510393573018
0.840351446096006
0.827220333169763
0.853446637270251
0.838386360411299
0.879360369901056
0.845108464705615
0.944724625899617
0.795008727415501
0.777637628815047
0.783536393215380
0.779347941679466
0.852491771585113
0.866109302905101
0.854369261195960
0.938590139466365
0.916063084504822
0.949385435339433
0.985976123740942
0.998279692150908
0.846372930501960
0.839887044478912
0.955419204166054
0.838892059110597
0.929079039495055
0.933844708323448
1.00368875603191
0.932023244268870
0.917242129128161
0.976241509843006
0.993517100878905
0.952491710182503
0.921144608145021
0.884627222426553
0.974776420895564
0.912821551781105
0.872021749028964
1.01675971406687
0.916875685730900
0.959247799258677
1.01067820024920
0.947218960785039
1.02479813252534
0.958530659484120
1.01823342648511
1.02422267361416
0.973638864180534
0.890759383213900
0.954582827981945
0.974741704440131
0.945303455738680
0.931930572539054
1.05803524062573
0.980747107951329
1.07328936391352
0.974844546454518
1.05120393917575
0.977412742161603
1.06033083038497
1.05011714148860
0.974954631794305
0.942953160440273
1.05800470115748
1.08985792875768
0.965484123145066
1.03409780409235
0.987347836531577
1.06599290809317
1.05263765997634
0.931791653255832
1.07011134130131
1.09496420699807
0.999049300136982
1.07209603039455
1.01182073061097
0.924042262337144
0.931841321882403
0.971937503394495
1.03886640443751
1.05272183707745
1.04397873335058
0.947973432091840
0.989265438098478
0.898528533548185
0.900867278779779
0.903674520078309
1.00993871081285
0.970938473219753
0.907442780657325
0.966002545241810
0.893927006096868
0.872707732808031
1.02906680952094
0.968151659742095
1.03898140405170
0.989317642071806
0.963371968627777
1.00662811093139
1.01599198851806
1.03451805164000
0.833293051528686
1.00263582461313
0.948327976224532
1.01997871868998
0.923606488536955
0.909965142549951
0.970228572166101
0.851335228609913
0.901102514205633
0.977281020556043
0.907579923254272
0.957131208993562
0.931182714119234
0.895922801893485
0.823255167126217
0.902286982495810
0.780708879205599
0.884126450460909
0.885959689224012
0.894472056539648
0.921338165121481
0.934230124741819
0.886073259291080
0.842971475807115
0.906676859174085
0.831282287601652
0.712829244114071
0.727692070071867
0.870069447651638
0.788314002147886
0.854274086004033
0.720953689435590
0.783222755863742
0.792355703688669
0.666315131684074
0.776321523151174
0.719247705322423
0.649983826297306
0.731229198831121
0.664981839805828
0.644188422329696
0.653690462661497
0.634843307693370
0.636232904110736
0.599757253779355
0.711005535248877
0.633010107307543
0.676959192885330
0.700808662881903
0.654069278352309
0.653810883406406
0.628027237387432
0.556053093391935
0.621551003972289
0.686229736318250
0.682504583896332
0.553806195252583
0.533407852381272
0.596620575550647
0.603537745227768
0.550674342257545
0.500200100386697
0.640272166856271
0.458725261239215
0.455024151707988
0.453808349562679
0.450157532572713
0.532470806286320
0.514383836085142
0.401370303019775
0.568458748666581
0.519166333417589
0.512170510173275
0.368404802053369
0.518888165013076
0.524712547055390
0.525698873781590
0.491551781176632
0.467778646147347
0.404204096123730
0.327870716092626
0.362850500228419
0.300662915027830
0.270761251173292
0.443081901201952
0.306149466409107
0.295595125353575
0.293642071236976
0.311002203477805
0.337730239975609
0.203607378792201
0.357444392863228
0.291222007196665
0.340619974556204
0.229733330295920
0.239694312238095
0.151643322022385
0.166499295057214
0.253898656270554
0.177739964978046
0.281487358322989
0.115616956419297
0.279846090029091
0.180317295523196
0.203845499079707
0.252485232668102
0.100266412481285
0.115696416631138
0.115841983431577
0.165735209761858
0.166643106516631
0.0130948113017871
0.0187127935948496
0.0450469761976786
-0.0255157899397296
0.0575373714496119
0.0103416801441135
-0.0316869775173116
-0.0350274352089940
0.0942156369344139
0.0382635372603872
